============================================================
LoRa Basic PRR 测试报告
测试时间: 2026-03-06 14:43:05
测试耗时: 35.9 分钟
============================================================

【设备信息】
  TX: LoRaModule(port='COM4', name='TX', model='LR2021', id=0C332B697090)
  RX: LoRaModule(port='COM9', name='RX', model='LR2021', id=14332B697090)

【测试参数】
  频点: [490.0, 900.0, 1437.0]
  SF: [5, 6, 7, 8, 9, 10, 11, 12]
  BW: [125.0, 250.0, 500.0, 1000.0]
  每组包数: 100
  TX 功率: 0 dBm
  编码率: 4/5
  负载大小: 32 bytes

【汇总统计】
  总测试组合: 96
  成功组合: 96
  无响应组合: 0
  出错组合: 0
  PRR 均值: 87.15%
  PRR 最小: 0.00%
  PRR 最大: 100.00%

【按频率分组的详细结果】

  === 490.0 MHz ===
    SF  BW(kHz)    PRR%  Sent   RX CRC_OK    RSSI    SNR       Status
  ----------------------------------------------------------------------
     5      125   100.0   100  100    100  -101.6    7.6           OK
     6      125   100.0   100  100    100  -101.5    8.9           OK
     7      125   100.0   100  100    100  -102.3    9.1           OK
     8      125   100.0   100  100    100  -102.4    9.1           OK
     9      125   100.0   100  100    100  -102.8    8.3           OK
    10      125   100.0   100  100    100  -102.9    8.0           OK
    11      125     0.0   100  100      0  -110.0  -16.1           OK
    12      125     0.0   100  100      0  -106.0  -10.6           OK
     5      250   100.0   100  100    100  -101.7    6.0           OK
     6      250   100.0   100  100    100  -101.7    6.9           OK
     7      250   100.0   100  100    100  -101.8    7.0           OK
     8      250   100.0   100  100    100  -101.9    7.2           OK
     9      250   100.0   100  100    100  -102.0    6.2           OK
    10      250   100.0   100  100    100  -102.0    6.2           OK
    11      250     0.0   100   49      0  -102.1    2.3           OK
    12      250     0.0   100   50      0  -102.0    3.1           OK
     5      500    95.0   100   95     95  -100.9    3.7           OK
     6      500   100.0   100  100    100  -101.0    4.1           OK
     7      500   100.0   100  100    100  -101.0    4.2           OK
     8      500   100.0   100  100    100  -101.0    4.2           OK
     9      500   100.0   100  100    100  -101.0    3.8           OK
    10      500   100.0   100  100    100  -101.0    3.9           OK
    11      500   100.0   100  100    100  -101.0    2.3           OK
    12      500   100.0   100  100    100  -101.0    2.7           OK
     5     1000   100.0   100  100    100  -100.0    1.3           OK
     6     1000   100.0   100  100    100  -100.0    1.8           OK
     7     1000   100.0   100  100    100  -100.0    1.9           OK
     8     1000   100.0   100  100    100  -100.1    1.7           OK
     9     1000   100.0   100  100    100  -100.3    1.0           OK
    10     1000   100.0   100  100    100  -100.1    1.1           OK
    11     1000   100.0   100  100    100  -100.0    0.1           OK
    12     1000   100.0   100  100    100  -100.1    0.2           OK

  === 900.0 MHz ===
    SF  BW(kHz)    PRR%  Sent   RX CRC_OK    RSSI    SNR       Status
  ----------------------------------------------------------------------
     5      125   100.0   100  100    100   -97.9    4.5           OK
     6      125   100.0   100  100    100   -98.0    4.9           OK
     7      125   100.0   100  100    100   -98.1    4.9           OK
     8      125   100.0   100  100    100   -98.1    4.8           OK
     9      125   100.0   100  100    100   -98.6    3.9           OK
    10      125   100.0   100  100    100   -98.1    4.3           OK
    11      125     0.0   100  100      0  -103.0  -17.0           OK
    12      125     0.0   100  100      0  -100.8  -11.9           OK
     5      250   100.0   100  100    100   -97.7    1.9           OK
     6      250   100.0   100  100    100   -98.0    2.1           OK
     7      250   100.0   100  100    100   -98.0    1.9           OK
     8      250   100.0   100  100    100   -98.0    2.0           OK
     9      250   100.0   100  100    100   -98.0    1.6           OK
    10      250   100.0   100  100    100   -98.0    1.2           OK
    11      250     0.0   100   50      0   -98.1   -0.3           OK
    12      250     0.0   100   50      0   -97.7    0.5           OK
     5      500    95.0   100   95     95   -96.2    0.9           OK
     6      500   100.0   100  100    100   -96.2    1.4           OK
     7      500   100.0   100  100    100   -96.0    2.2           OK
     8      500   100.0   100  100    100   -96.3    1.4           OK
     9      500   100.0   100  100    100   -96.4    0.9           OK
    10      500   100.0   100  100    100   -96.1    1.1           OK
    11      500   100.0   100  100    100   -96.2    0.0           OK
    12      500   100.0   100  100    100   -95.9    0.2           OK
     5     1000   100.0   100  100    100   -95.1    0.8           OK
     6     1000   100.0   100  100    100   -95.2    1.6           OK
     7     1000   100.0   100  100    100   -95.0    1.3           OK
     8     1000   100.0   100  100    100   -95.0    1.6           OK
     9     1000   100.0   100  100    100   -95.7    0.5           OK
    10     1000   100.0   100  100    100   -96.0    0.4           OK
    11     1000   100.0   100  100    100   -96.1   -0.1           OK
    12     1000   100.0   100  100    100   -96.0    0.0           OK

  === 1437.0 MHz ===
    SF  BW(kHz)    PRR%  Sent   RX CRC_OK    RSSI    SNR       Status
  ----------------------------------------------------------------------
     5      125   100.0   100  100    100  -113.0    2.9           OK
     6      125   100.0   100  100    100  -113.0    3.4           OK
     7      125   100.0   100  100    100  -113.0    3.5           OK
     8      125   100.0   100  100    100  -113.0    3.8           OK
     9      125   100.0   100  100    100  -113.1    2.6           OK
    10      125   100.0   100  100    100  -113.0    2.8           OK
    11      125     0.0   100  100      0  -117.0  -17.0           OK
    12      125     0.0   100  100      0  -115.7  -12.3           OK
     5      250   100.0   100  100    100  -112.7   -0.1           OK
     6      250   100.0   100  100    100  -113.0    0.0           OK
     7      250   100.0   100  100    100  -113.0    0.0           OK
     8      250   100.0   100  100    100  -113.0    0.0           OK
     9      250   100.0   100  100    100  -113.0    0.0           OK
    10      250   100.0   100  100    100  -113.0    0.0           OK
    11      250     0.0   100   50      0  -113.0   -2.2           OK
    12      250     0.0   100   50      0  -113.0   -1.8           OK
     5      500    94.0   100   95     94  -111.5   -1.7           OK
     6      500   100.0   100  100    100  -111.7   -1.5           OK
     7      500   100.0   100  100    100  -111.9   -1.3           OK
     8      500   100.0   100  100    100  -112.0   -1.2           OK
     9      500   100.0   100  100    100  -111.8   -1.8           OK
    10      500   100.0   100  100    100  -111.7   -1.9           OK
    11      500   100.0   100  100    100  -111.7   -2.0           OK
    12      500   100.0   100  100    100  -111.1   -2.0           OK
     5     1000    82.0   100   96     82  -110.1   -2.7           OK
     6     1000   100.0   100  100    100  -110.3   -2.6           OK
     7     1000   100.0   100  100    100  -110.4   -2.9           OK
     8     1000   100.0   100  100    100  -110.5   -3.0           OK
     9     1000   100.0   100  100    100  -110.5   -3.0           OK
    10     1000   100.0   100  100    100  -110.5   -3.0           OK
    11     1000   100.0   100  100    100  -110.6   -3.9           OK
    12     1000   100.0   100  100    100  -110.5   -3.9           OK
