======================================================================
AeroLink Gateway Throughput Test Report
生成时间: 2026-03-20 21:49:32
======================================================================

【测试结果汇总】
  SF  Payload   Sent   Recv     PRR%   Goodput(bps)    Gw Limit(bps)     RSSI      SNR
------------------------------------------------------------------------------------------
   5       20    100    100   100.0%        6092.0         15625.0   -39.0    10.2
   5       40    100    100   100.0%        8670.7         15625.0   -39.0    10.3
   5       80    100    100   100.0%       11231.8         15625.0   -39.0    10.2
   5      160    100    100   100.0%       13040.6         15625.0   -39.0    10.3
   5      250    100    100   100.0%       13786.3         15625.0   -39.0    10.3
   6       20    100    100   100.0%        3888.9          9375.0   -39.0    12.9
   6       40    100    100   100.0%        5588.9          9375.0   -39.0    12.7
   6       80    100    100   100.0%        6945.8          9375.0   -39.0    12.9
   6      160    100    100   100.0%        8041.4          9375.0   -39.0    12.8
   6      250    100    100   100.0%        8390.4          9375.0   -39.0    12.8
   7       20    100    100   100.0%        2452.1          5468.8   -39.0    14.9
   7       40    100    100   100.0%        3274.2          5468.8   -39.0    14.8
   7       80    100    100   100.0%        4186.0          5468.8   -39.0    14.8
   7      160    100    100   100.0%        4662.8          5468.8   -39.0    14.9
   7      250    100    100   100.0%        5004.6          5468.8   -39.0    14.7
   8       20    100    100   100.0%        1412.6          3125.0   -39.0    15.2
   8       40    100    100   100.0%        1961.0          3125.0   -39.0    15.5
   8       80    100    100   100.0%        2400.4          3125.0   -39.0    15.3
   8      160    100    100   100.0%        2716.8          3125.0   -39.0    15.2
   8      250    100    100   100.0%        2868.5          3125.0   -39.0    15.3
